0 0.1
1 25.0
2 50.0
3 75.0
4 100.0
5 125.0
6 150.0
7 175.0
8 200.0
9 225.0
10 250.0 
11 275.0
12 300.0 
13 325.0 
14 350.0 
15 375.0 
16 400.0 
17 425.0
18 450.0
19 475.0
20 500.0
21 525.0
22 550.0
23 575.0
24 600.0
25 625.0 
26 650.0 
27 675.0 
28 700.0 
29 725.0 
30 750.0 
31 775.0 
32 800.0 
33 825.0 
34 850.0 
35 875.0 
36 900.0 
37 925.0
38 950.0
39 975.0

19 900.0 0 0 0 0 0 0 0 0 0 0 0 0 0 0 0 0 0 0 0 0 0 0 0 0 1 0 0 0 0 0 0 0 0 0 0 0 0 0 0 0 0 0 0 0 0 0 0 0
id locat 1 2 3 4 5 6 7 8 9 1 1 2 3 4 5 6 7 8 9 2 1 2 3 4 L 2 3 4 5 6 7 8 9 1 1 2 3 4 5 6 7 8 9 2 1 2 3 4

only location info



id Snum[24] Lnum[24] location; 
RestArea[0] location cannot be 0!!, can be 0.1

